1081 44 55 51 26.5 22.5 23.5 30 33 29 10 8 10 8 8 9.5 9.5 10 6 9 10 3 10 8
1138 47 38 46 23.5 8 5.5 12.5 26.5 21 8 8 0 6 8 7.5 8 10 3 7 10 6 6 6
1163 47 52.5 51 28 27 32 28 32.5 30 0 10 10 9 9 10 10 10 10 10 10 8.2 4 10
1184 42 41.5 42 21 19.5 12 23.5 27 30 10 10 10 7 7 8.5 7.5 6 7 10 10 9 6 6
1227 55 54 52 27.5 29 31 29 32.5 26 8 10 10 8 7 10 8.5 8 9 10 10 8.2 6 8
1269 37 44 44 28.5 29 29 30 33 29 10 8 10 9 7 10 9.5 8 9 10 10 10 10 10
1283 60 54.5 54 27 29 30 26.5 30 28 10 9 10 10 10 9 8 10 9 10 8 10 6 10
1322 48 53.5 52.5 29.5 24 23 29.5 33 27 8 10 6 7 9 9 0 0 0 10 6 8.2 6 10
1358 57 58 52 28 28.5 24.5 28 28 29 0 10 6 10 9 8.5 9 10 9 10 6 9 10 8
1422 34 21 34 21.5 22.5 10 29 27 22 7 5 2.5 6 9 9 4 0 5 8 10 5.2 4 6
1496 36.5 47.5 46 22.5 24.5 30.5 24 33 29 4 4 8 0 7 10 0.5 0 0 9 6 8 4.5 8
1513 55 58 51 26 28.5 30 30 31 30 9 6 10 6 6 8.5 8 8 2 10 8 10 10 8
1607 46.5 58.5 53 24 29.5 29.5 28.5 26.5 27 10 10 10 10 0 10 8 10 9 0 10 10 10 10
1614 36 42 43 16 14 12.5 23 28 29 10 2 10 4 8 7.5 5 2 2 9 10 7.1 3 6
1694 45 51 51 24.5 22 18 29.5 33 29 10 6 9 6.5 10 10 8 8 8 9 7 6.2 4 10
1706 45 60 55 30 29.5 28.5 29 30 28 10 10 10 8 10 9 8 10 8 10 8 9 6 8
1802 45 39.5 34.5 28.5 29.5 26 25 29 27.5 8 8 9 8 10 9 8 8 7 9 7 7.6 5 8
1827 43 53 51 27 26 30 30 33 30 9 8 10 9 6 9.5 7.5 10 9 9 10 10 10 8
1897 42 41 45.5 26 26.5 23 27 30.5 29.5 10 8 6 6 10 10 7 8 7 9 10 10 3 10
1924 43 54 52 24 27.5 19 27 33 24 10 10 10 6 8 8.5 10 10 7 10 8 9 6 8
1981 36.5 52.5 43.5 21.5 27 23.5 28 28.5 29 10 3 10 7 8 7.5 7 10 6 10 10 8 8 8
2113 55 60 60 26 29 28 29 33 30 10 10 10 10 10 10 10 10 10 10 10 10 10 8
2146 41 37.5 38 27.5 27 0 0 15.5 18 10 3 10 7 10 10 0 10 2 9 9 7 5 8
2177 55 52 57 27.5 29 29.5 22.5 32 29 0 10 10 9 9 10 5 10 8 6 10 10 6 8
2215 51 56.5 57 27.5 29.5 32 30 31 29 10 7 10 10 9 9 9.5 10 7 10 10 10 10 8
2253 37.5 46 46 23 8.5 3 26 23.5 14.5 10 6 10 0 8 7.5 6.5 6 5 0 4 0 3.5 8
2302 42 43 47 27 21.5 20 26 33 29.5 9 5 10 9 9 9 8 4 7 10 9 8 8 10
2349 59 60 60 29 26.5 32 28 33 30 0 10 10 6.5 10 9.5 0 10 9 10 8 0 10 10
2362 54.5 59.5 56 29.5 28.5 32 24.5 32.5 25 7 10 10 9 10 10 10 10 9 10 10 10 6 8
2402 57 58.5 56 30 29 32 30 33 29 10 10 10 10 10 9 8 10 9 10 10 10 10 10
2534 55 60 55 27 29.5 30 28 33 30 10 10 10 9 10 10 6.5 10 9 10 10 8 10 10
2543 55 56.5 55 29.5 30 32 30 31.5 28 10 10 10 10 10 10 9.5 10 9 10 10 6.1 5 10
2574 53 49.5 40 29.5 29 30 26.5 27 28 8 6 6 8 8 9 7.5 8 9 9 10 6.2 4 8
2584 59 58 56 28 27 32 30 33 30 8 10 0 8.5 10 10 10 10 8 10 9 10 10 10
2599 49 58 53.5 29 29.5 29.5 30 33 30 10 10 10 3 9 10 6 8 7 10 10 10 10 10
2667 48 43 46 25.5 24.5 14.5 24 32 30 9 4 0 9 7 3 6 8 5 8 6 8 4 0
2674 39 52.5 43 28.5 22 30 26.5 29.5 21 10 3 10 2 6 7 3.5 6 1 9 4 7 10 10
3042 36 43 37 26 23.5 23 17 29 19.5 7 6 10 5 8 8 3.5 8 6 0 8 3.2 2 10
3072 56 59 60 28.5 29 31.5 28 33 28 10 10 10 8.5 8 9.5 6 10 6 8 10 10 9 6
3093 55 59 59 28 24 26 30 33 28 10 8 10 6.5 10 9.5 10 10 8 10 9 10 8 8
3105 22 25 42.5 18 8.5 13 0 19 20 10 4 10 5 7 7 8 8 6 8 8 3 6 8
3152 54 60 59 27.5 28 31.5 28 32 29.5 0 10 10 8 10 9 7 10 10 10 10 10 5 10
3195 46 59 53 25.5 29.5 31.5 28 33 0 10 8 10 8 10 8.5 7.5 0 8 0 8 10 10 10
3201 35 41 26 20 23 24.5 22 22 13.5 10 10 10 6.5 8 9 10 6 0 0 5 4.5 3 8
3245 50 60 56 29.5 29.5 32 28 33 29 10 8 10 10 10 10 9.5 10 7 8 10 8.2 10 10
3274 46 49.5 43 24.5 28 29 26 33 27 10 8 10 10 10 8.5 10 10 8 8 8 10 4 10
3293 30 42.5 48 7 23 9 22.5 33 16 7 0 2 7 8 6.5 5 6 5 9 6 7.6 10 8
3373 55 60 52 28 28.5 32 25.5 33 29 10 10 0 9 9 10 10 10 7 10 0 8.2 6 8
3522 53 49 51 27 30 29.5 25 31 29 10 10 10 8 10 10 8 0 8 8 10 10 3 10
3553 40 35 39 20.5 15 16 18.5 24.5 5 8 2 6 5 8 8 6 4 0 4 3 1 0 0
3561 39 24 20 26 28.5 0 0 12 18 7 8 10 7 10 6.5 0 10 3 6 7 8 5 8
3623 59 60 55 28 29.5 32 29.5 33 29 8 10 10 10 10 9 10 10 9 10 10 10 6 10
3646 51 59 54 28 29.5 32 30 31 30 10 7 10 8.5 10 10 10 6 8 10 10 10 10 10
3659 38 51.5 46 22.5 16 17.5 26 28 28 9 3 10 6 8 9 8 0 7 0 6 10 10 8
3726 58 60 54 26.5 28.5 21.5 29.5 30.5 29 10 10 10 10 0 9 0 10 7 7 8 10 5.5 0
3739 40 39 47 24.5 25 28 25.5 27.5 30 7 8 10 6.5 10 9.5 7.5 0 7 10 7 7.5 10 6
3755 50 53.5 54 18.5 27.5 32 25 33 28 10 0 10 7 10 9 7 10 7 10 10 9 9 10
3831 40 58 51 29 29.5 29 28 30 26.5 8 4 10 9 10 10 7.5 10 6 9 10 10 4 10
3848 50 58 48 28.5 29 30 27 33 29.5 10 5 10 10 10 10 10 10 9 10 10 10 10 8
3868 46 50.5 48 27 29 30.5 24.5 32 29 10 8 10 6 10 8.5 7.5 10 7 10 9 10 10 10
3919 45 47.5 48.5 19.5 11.5 7 19.5 25.5 19 7 6 9 1 8 8.5 0 0 5 7 4 2 1 2
3941 33 36 41.5 12.5 23 10.5 15.5 24.5 24 4 4 10 0 8 8.5 0 4 4 5 4 6.5 4 6
3974 45 50.5 44 26 30 21 25 28 23 10 10 10 7.5 9 0 0 0 6 0 10 10 10 6
4014 47 60 55 27 30 31.5 28 33 28 10 8 10 10 10 9 8.5 10 5 10 10 9 6 10
4067 36 39.5 33.5 0 0 17 0 0 0 10 3 10 0 0 6.5 4.5 2 6 0 0 0 4.5 6
4126 31 47.5 48 27 25 20.5 25.5 33 29 9 8 0 7.5 7 5.5 7.5 4 7 7 8 6 4 8
4312 55 56 47 29 28.5 31.5 29 32 30 10 10 10 10 10 9.5 0 8 7 9 0 10 10 8
4414 47 35.5 48 0 0 0 18.5 26.5 28 6 5 0 0 8 9.5 4 0 0 0 0 0 5 8
4445 44 55 49 27.5 25 30.5 28 33 25 10 10 10 10 10 10 0 10 7 10 10 10 10 10
4459 50 58 53 26 26 30.5 30 32 27 10 10 10 8 10 10 8 10 0 7 7 10 4 10
4487 59.5 56.5 57 27 29.5 32 25.5 31 27 8 9 0 10 10 10 10 10 9 9 10 10 9.5 10
4715 36 50.5 41 20 20 24 28 31.5 28 9 6 10 6 8 5.5 3.5 8 6 10 10 8 4 10
4812 51 60 52 24 23.5 30 0 32 22 9 10 0 9.5 10 9 10 0 6 7 8 8 6 4
4874 40 34 39 28.5 23.5 25 23.5 28 27 8 6 10 9 9 9 4 8 5 8 6 4 5 10
4908 51 54.5 50.5 26.5 29.5 27 23 32 27 10 10 10 7.5 10 9.5 6 6 9 10 10 10 6 8
4953 44 29 32 26.5 18 19 26.5 27.5 29 7 5 0 6 7 10 8 0 7 0 8 10 4 8
4966 45 54 52 28 23 30.5 27.5 31 27 9 8 0 5 7 7.5 5.5 8 6 0 8 6 0 8
5028 31 30.5 39.5 20 16 18.5 22.5 32 23 6 3 5 6 7 7 7 0 7 9 8 10 4 8
5037 54 59.5 50 29 29 32 30 33 28 10 10 9 10 10 10 10 10 9 10 10 4.5 10 10
5058 45.5 56.5 46 26.5 23.5 31 28 28.5 28 8 6 9 8 8 10 6 8 5 8 10 6 5 10
5231 60 59.5 52 26 29 30 29 32.5 29 10 10 10 10 8 10 5.5 10 8 0 10 5 0 10
5331 45 51 57 27.5 29 28.5 26.5 32.5 28 10 6 10 7 10 9 6 8 9 10 10 10 6 10
5388 55 60 54 27.5 27 30 27.5 0 28 8 8 10 9 9 10 10 10 9 9 10 10 10 8
5397 56 58.5 46 29 27 32 26 31 8.5 6 10 10 10 10 10 9.5 0 0 9 8 8 3 10
5436 54 48 46 29.5 25 30 24 32.5 29.5 8 6 10 8 10 10 8 10 6.5 10 8 6 9 10
5469 36 39 40.5 24.5 14 19.5 17 25.5 26 8 6 10 3 8 8.5 7.5 6 6 0 7 0 0 10
5476 46 54 54 28.5 28.5 32 27.5 30 29 9 10 10 8 10 9.5 10 4 8 10 10 10 8 8
5506 51 53.5 47 28 29.5 29.5 30 33 26 10 10 10 8 10 10 8 8 0 10 10 10 6 10
5632 58 60 58 28.5 29 31 27.5 32 29 10 8 8 10 10 10 9.5 6 9 10 10 10 6 8
5688 51 55.5 49 28 25.5 27.5 23 32 29 0 4 0 7 10 10 7 10 7 8 10 10 3 10
5745 56 56.5 53.5 30 30 31.5 25.5 33 25 10 0 10 9 10 10 0 10 8 10 10 10 6 10
5769 42 48.5 44.5 27.5 25 23 24 32 27 8 8 10 5 9 10 3 0 9 8 10 7 5.5 10
5772 55 56.5 44 24 0 31.5 0 31 16.5 10 10 10 0 0 9 0 8 5 0 4 0 1 0
5789 58 60 55 27.5 29.5 32 28 32 26 10 10 10 10 10 10 9.5 6 7 10 7 10 10 8
5793 25 39 29 18.5 28.5 21.5 23 32 27.5 10 3 10 8 10 4 3 4 7 8 6 7.1 10 8
5855 51 51.5 42 26 28 30.5 27.5 33 26 8 10 10 10 10 10 10 10 8 9 9 10 10 2
5887 38 45 43 26 19 24.5 19.5 26.5 22 9 4 8 7 10 9 5.5 8 7 0 7 9 3 8
5934 45 57.5 60 26.5 25.5 30 30 28 28 7 8 10 10 10 0 10 10 6 9 9 8.2 3 6
